Model: DISFusion
Dataset: CPDB
Results for pancancer:
AUROC Matrix (10x5):
0.928592 0.928664 0.925072 0.931235 0.907243
0.918311 0.929037 0.934039 0.918052 0.916411
0.924255 0.927702 0.916991 0.922240 0.937380
0.919890 0.946785 0.936885 0.918815 0.901515
0.914089 0.949642 0.927646 0.896737 0.920110
0.886591 0.935154 0.922411 0.949038 0.935006
0.905574 0.924399 0.931894 0.929422 0.925277
0.928850 0.905904 0.937228 0.923032 0.937222
0.916329 0.907585 0.944351 0.906682 0.934588
0.912639 0.929051 0.916347 0.939669 0.910453
AUPRC Matrix (10x5):
0.845590 0.854397 0.851754 0.843431 0.818816
0.811549 0.864555 0.854627 0.837381 0.841629
0.843386 0.869397 0.824175 0.826804 0.885200
0.841961 0.886561 0.851219 0.828152 0.814797
0.831762 0.872183 0.853374 0.802326 0.846439
0.795617 0.848709 0.832553 0.886959 0.865262
0.808896 0.844638 0.861581 0.852587 0.849845
0.848850 0.840051 0.856907 0.854808 0.846855
0.804869 0.829399 0.885059 0.807518 0.871639
0.820426 0.856796 0.827002 0.851622 0.831335

AUROC Mean ± Std: 0.9238 ± 0.0133
AUPRC Mean ± Std: 0.8436 ± 0.0222