Model: disfusion
Dataset: string
Results for pancancer:
AUROC Matrix (10x5):
0.917830 0.927787 0.923791 0.941697 0.908478
0.943163 0.899276 0.919795 0.920197 0.947510
0.922143 0.936504 0.924450 0.917967 0.919494
0.936504 0.937835 0.920428 0.917091 0.917901
0.919795 0.934394 0.924121 0.919746 0.934371
0.920758 0.925083 0.926046 0.938990 0.910933
0.919848 0.905065 0.925875 0.931690 0.947205
0.930292 0.903826 0.939339 0.929912 0.925731
0.923514 0.939550 0.904696 0.942560 0.917954
0.923593 0.927615 0.934354 0.918113 0.918060
AUPRC Matrix (10x5):
0.812532 0.821237 0.844231 0.856270 0.799276
0.861749 0.794392 0.825837 0.818084 0.870755
0.831525 0.829849 0.835080 0.806674 0.815372
0.850873 0.844970 0.810728 0.825225 0.827401
0.821650 0.849317 0.820772 0.811598 0.841893
0.807026 0.835011 0.833040 0.838668 0.824004
0.826198 0.800092 0.817203 0.838821 0.866501
0.821916 0.801878 0.863688 0.835631 0.823854
0.817249 0.829365 0.792719 0.862634 0.835423
0.808579 0.844128 0.857633 0.802224 0.816768

AUROC Mean Â± Std: 0.9253 Â± 0.0112
AUPRC Mean Â± Std: 0.8286 Â± 0.0196