========================================
Dropout: 0.3, LR: 0.0005, Lambda: 0.001, Dataset: cpdb, Cancer: pan-cancer
----------------------------------------
【全部测试节点】
  AUPRC: 0.8518 ± 0.0229
  AUROC: 0.9283 ± 0.0130
  AUPRC matrix:
0.851047 0.861021 0.860993 0.858528 0.828573
0.813787 0.873801 0.870976 0.830319 0.853565
0.828838 0.876081 0.842664 0.829408 0.880766
0.840982 0.896115 0.869282 0.841584 0.825642
0.843404 0.880048 0.876727 0.807345 0.848708
0.818113 0.840466 0.834959 0.903414 0.866780
0.833926 0.839069 0.883336 0.859014 0.843012
0.878270 0.840946 0.855590 0.844729 0.859111
0.817850 0.859133 0.875144 0.810861 0.881528
0.812468 0.860941 0.850449 0.874212 0.858446
  AUROC matrix:
0.928865 0.932483 0.922926 0.944418 0.917491
0.914549 0.936820 0.940489 0.916944 0.930933
0.919460 0.940869 0.930034 0.915231 0.938489
0.922791 0.948049 0.941476 0.916181 0.914727
0.914778 0.950533 0.941147 0.907416 0.929666
0.898136 0.931033 0.921939 0.956032 0.935768
0.918856 0.920106 0.941876 0.925910 0.924111
0.946498 0.910600 0.934654 0.916613 0.939496
0.932584 0.927730 0.934911 0.901818 0.937884
0.909681 0.927572 0.921854 0.948577 0.931595
----------------------------------------
【孤立测试节点 - 与训练数据无边相连】
  AUPRC: 0.8713 ± 0.0747
  AUROC: 0.5403 ± 0.1913
  AUPRC matrix:
0.948718 0.870690 0.772634 0.917417 0.922882
0.795918 0.923729 0.838624 0.860360 0.869898
0.717890 0.905217 0.871279 0.882427 0.977987
0.907895 0.877358 0.936475 0.655612 0.959064
0.822883 0.953623 0.846457 0.860544 0.930272
0.722642 0.889318 0.922269 0.953405 0.759292
0.843478 0.905882 0.930199 0.792923 0.865207
0.938998 0.803476 0.826531 0.970696 0.955435
0.935028 0.800245 0.825000 0.819643 0.962838
0.720486 0.918079 0.831068 0.949002 0.897458
  AUROC matrix:
0.468095 0.642321 0.392929 0.686728 0.593226
0.372811 0.665030 0.643326 0.582677 0.426261
0.063367 0.840432 0.599505 0.195519 0.753704
0.608836 0.368036 0.570359 0.388274 0.785630
0.584176 0.603972 0.238821 0.335275 0.787423
0.086235 0.524365 0.597168 0.795719 0.348696
0.423970 0.767919 0.528427 0.523189 0.584695
0.759004 0.494141 0.184302 0.614815 0.685621
0.612463 0.490524 0.514347 0.631919 0.810965
0.203665 0.474725 0.647702 0.734524 0.777930
========================================

