========================================
Dropout: 0.3, LR: 0.0005, Lambda: 0.001, Dataset: string, Cancer: pan-cancer
----------------------------------------
【全部测试节点】
  AUPRC: 0.8374 ± 0.0208
  AUROC: 0.9269 ± 0.0109
  AUPRC matrix:
0.831208 0.831526 0.873003 0.844948 0.818588
0.821184 0.841801 0.878517 0.854425 0.814982
0.828322 0.825645 0.867541 0.851421 0.814283
0.820240 0.833261 0.873314 0.854793 0.811831
0.819455 0.826944 0.864118 0.853001 0.813745
0.820906 0.829662 0.869127 0.849953 0.817023
0.824322 0.832564 0.867394 0.852764 0.812340
0.820604 0.826799 0.871671 0.845576 0.813576
0.824823 0.829594 0.869737 0.847041 0.809167
0.818457 0.825489 0.870423 0.844521 0.809180
  AUROC matrix:
0.918819 0.925017 0.946157 0.927324 0.921604
0.913307 0.929092 0.948781 0.928439 0.920184
0.915602 0.923936 0.945339 0.928333 0.919600
0.913558 0.927800 0.946763 0.929394 0.920383
0.912753 0.924094 0.944086 0.930894 0.919573
0.911764 0.925545 0.946038 0.928319 0.921153
0.918266 0.926719 0.946262 0.928744 0.920861
0.915061 0.922670 0.946038 0.925691 0.919401
0.912898 0.926640 0.946288 0.927364 0.921139
0.910010 0.925070 0.946579 0.926793 0.917012
----------------------------------------
【孤立测试节点 - 与训练数据无边相连】
  AUPRC: 0.8669 ± 0.0253
  AUROC: 0.5119 ± 0.0455
  AUPRC matrix:
0.912414 0.855006 0.861765 0.839840 0.857407
0.912414 0.836018 0.862745 0.845608 0.866204
0.909749 0.838320 0.864052 0.851819 0.856944
0.914318 0.860759 0.852941 0.851375 0.862500
0.915080 0.855006 0.860458 0.847826 0.867593
0.889185 0.853855 0.866993 0.847826 0.860185
0.925743 0.834868 0.857516 0.836735 0.874537
0.911653 0.833717 0.853595 0.849601 0.861111
0.920792 0.873993 0.856863 0.853150 0.871759
0.919650 0.868815 0.858497 0.845608 0.858796
  AUROC matrix:
0.482683 0.508156 0.428721 0.551494 0.475225
0.475538 0.490870 0.456119 0.580917 0.482608
0.481323 0.523846 0.479199 0.554914 0.512387
0.509504 0.534653 0.482354 0.581733 0.492932
0.468352 0.542424 0.466458 0.575687 0.533741
0.481950 0.484813 0.510124 0.592366 0.475108
0.502038 0.618729 0.456802 0.555401 0.554517
0.469501 0.548228 0.485901 0.556142 0.442530
0.486503 0.578991 0.461214 0.584252 0.513450
0.470987 0.559453 0.447525 0.563329 0.524556
========================================

