========================================
Dropout: 0.3, LR: 0.0005, Lambda: 0.001, Dataset: cpdb, Cancer: pan-cancer
----------------------------------------
【全部测试节点】
  AUPRC: 0.8543 ± 0.0231
  AUROC: 0.9294 ± 0.0133
  AUPRC matrix:
0.850395 0.868372 0.858948 0.856940 0.845287
0.818268 0.880654 0.875690 0.833525 0.860443
0.841920 0.866018 0.849566 0.833352 0.899202
0.846606 0.906958 0.866760 0.845383 0.830342
0.843549 0.887041 0.882704 0.812032 0.851580
0.809428 0.855232 0.830250 0.903197 0.866243
0.825463 0.839523 0.875939 0.861230 0.849990
0.869190 0.838595 0.866266 0.853506 0.851295
0.817185 0.861357 0.873600 0.818510 0.883163
0.821329 0.861698 0.859087 0.877701 0.836849
  AUROC matrix:
0.931837 0.932354 0.925801 0.940302 0.922557
0.916401 0.937940 0.941834 0.917275 0.932991
0.927931 0.938701 0.928633 0.917347 0.944073
0.925088 0.953821 0.942391 0.915936 0.917174
0.912984 0.954797 0.944494 0.909863 0.930904
0.894388 0.938155 0.916376 0.957889 0.936560
0.915468 0.921872 0.937986 0.930112 0.930990
0.941027 0.905689 0.938158 0.925363 0.935884
0.930344 0.927486 0.935226 0.904797 0.939309
0.917923 0.927257 0.924614 0.952147 0.919865
----------------------------------------
【孤立测试节点 - 与训练数据无边相连】
  AUPRC: 0.8683 ± 0.0812
  AUROC: 0.5160 ± 0.2022
  AUPRC matrix:
0.937322 0.864655 0.781893 0.947447 0.925411
0.775510 0.933263 0.793651 0.876126 0.857143
0.646789 0.912174 0.843926 0.857143 0.990566
0.938596 0.890566 0.921107 0.609694 0.968811
0.824822 0.943478 0.832021 0.886054 0.960884
0.728302 0.884170 0.902311 0.955197 0.776991
0.820000 0.902941 0.951567 0.859764 0.867512
0.936819 0.810160 0.826531 0.948718 0.920652
0.918079 0.794118 0.818333 0.805357 0.962838
0.729167 0.893597 0.833010 0.959350 0.888136
  AUROC matrix:
0.443100 0.660985 0.402201 0.663512 0.505741
0.396134 0.648863 0.634217 0.462399 0.416420
0.055113 0.846086 0.540691 0.165469 0.816667
0.655495 0.369410 0.548303 0.390409 0.839905
0.596681 0.545628 0.206035 0.372512 0.816290
0.094214 0.494478 0.470731 0.766685 0.353927
0.381364 0.778745 0.548260 0.496590 0.378928
0.700512 0.534159 0.196226 0.503022 0.714644
0.630067 0.227736 0.497951 0.575743 0.829885
0.164202 0.351046 0.656457 0.730989 0.725873
========================================

