----------------------------------------
Dropout Rate: 0.3, Learning Rate: 0.0005, Lambda Inter: 0.001
Results for pan-cancer:
AUPR: 0.8543 ± 0.0231
[[0.85039527 0.86837161 0.85894768 0.85694002 0.84528688]
 [0.81826762 0.88065366 0.87569013 0.83352529 0.86044276]
 [0.84191994 0.86601784 0.84956602 0.83335244 0.89920177]
 [0.84660607 0.90695819 0.86676014 0.84538273 0.83034188]
 [0.84354852 0.88704076 0.88270428 0.81203182 0.85157972]
 [0.80942829 0.855232   0.83025023 0.90319701 0.86624258]
 [0.82546267 0.83952272 0.8759393  0.86122963 0.8499895 ]
 [0.8691901  0.83859463 0.86626557 0.85350635 0.85129493]
 [0.81718547 0.8613571  0.87360003 0.81851017 0.88316304]
 [0.8213287  0.86169827 0.85908679 0.87770109 0.83684946]]
AUC: 0.9294 ± 0.0133
[[0.93183711 0.93235404 0.92580092 0.94030194 0.9225566 ]
 [0.91640102 0.93793975 0.94183352 0.91727473 0.9329908 ]
 [0.92793142 0.93870078 0.92863272 0.91734669 0.94407265]
 [0.92508831 0.95382097 0.9423913  0.91593627 0.91717399]
 [0.91298354 0.95479739 0.94449371 0.90986284 0.93090396]
 [0.89438844 0.93815514 0.91637586 0.95788898 0.93656002]
 [0.91546768 0.92187186 0.93798627 0.9301124  0.93099031]
 [0.94102697 0.9056891  0.93815789 0.92536304 0.9358836 ]
 [0.93034376 0.92748629 0.93522597 0.90479686 0.9393089 ]
 [0.91792309 0.92725654 0.92461384 0.95214657 0.91986529]]
