Results for pan-cancer:
AUPR: 0.8586 ± 0.0228
[[0.85451473 0.86229713 0.86754929 0.8629774  0.83341708]
 [0.82360944 0.88862809 0.87744561 0.85458682 0.86290814]
 [0.85450575 0.87590036 0.83850124 0.83546894 0.89233134]
 [0.84854575 0.90689116 0.86977204 0.84118302 0.83942535]
 [0.85699618 0.89726734 0.886116   0.82057997 0.85603954]
 [0.81455482 0.8517058  0.83535548 0.89845602 0.8781814 ]
 [0.81682973 0.84597556 0.88743324 0.87322083 0.85225021]
 [0.87734411 0.85097192 0.86988723 0.85503981 0.86884152]
 [0.82041088 0.86349422 0.88349033 0.82824169 0.87728447]
 [0.82850944 0.85489049 0.86497114 0.88343097 0.84354914]]
AUC: 0.9305 ± 0.0128
[[0.93087505 0.92909451 0.92858982 0.94217291 0.91616654]
 [0.91874156 0.9395049  0.94357838 0.92465783 0.93260222]
 [0.9307171  0.94216134 0.92720252 0.91721716 0.9392945 ]
 [0.92454266 0.9552856  0.94262014 0.91724595 0.9230891 ]
 [0.92010568 0.95561586 0.94405034 0.91582114 0.92952233]
 [0.8971454  0.93420637 0.91783467 0.95421902 0.94266223]
 [0.91319893 0.92073749 0.94435069 0.93530792 0.92801117]
 [0.94310904 0.90838862 0.93586957 0.92419729 0.94378481]
 [0.92650986 0.92949657 0.93834382 0.90748816 0.93799922]
 [0.91677436 0.92938169 0.92856121 0.95236245 0.92546378]]