Model: my
Dataset: string
Results for pan-cancer:
AUPR: 0.8414 ± 0.0162
[[0.83533106 0.83142736 0.87196338 0.84983473 0.82676524]
 [0.82813329 0.83955924 0.86805096 0.8562001  0.81853269]
 [0.82846764 0.83613457 0.86193637 0.85564659 0.82048079]
 [0.83247296 0.84202288 0.86541797 0.84603905 0.81968055]
 [0.83191016 0.83690349 0.86734683 0.84410578 0.82552768]
 [0.83324593 0.83866998 0.86729995 0.85800462 0.81926895]
 [0.83317123 0.84351399 0.86500719 0.85009695 0.82144856]
 [0.83085914 0.85027575 0.87237857 0.84420232 0.81722216]
 [0.8227091  0.83589059 0.86119226 0.85500957 0.81898873]
 [0.82164414 0.8404407  0.85357562 0.85213996 0.82489316]]
AUC: 0.9285 ± 0.0068
[[0.92662631 0.92586146 0.94334771 0.92760259 0.92662048]
 [0.92185254 0.92677137 0.94283341 0.93142486 0.92313001]
 [0.92092944 0.92616476 0.93812557 0.9284918  0.92513404]
 [0.92438449 0.92764173 0.93910142 0.92668684 0.92259914]
 [0.92153605 0.92815603 0.94322902 0.92708499 0.92435101]
 [0.92418668 0.92654719 0.94092126 0.92831927 0.92216117]
 [0.92532078 0.92856483 0.94006409 0.92894304 0.9244041 ]
 [0.92456911 0.93103084 0.94183118 0.92595689 0.9234618 ]
 [0.91750076 0.9253999  0.93870581 0.93000478 0.923276  ]
 [0.9148765  0.92691643 0.93779589 0.92898285 0.92512077]]