Experiment: 10x5 Cross-Validation [Original Features (原始基线)]
Cancer Type: pan-cancer, Dataset: cpdb
Hyperparameters: lr=0.0005, dropout=0.3, lambdinter=0.001, epochs=160
Base Seed: 42
------------------------------------------------------------
Overall Metrics (over 10x5 = 50 folds):
  AUROC : 0.9306 ± 0.0129
  AUPRC : 0.8583 ± 0.0225
------------------------------------------------------------
10x5 AUROC Matrix:
[[0.927  0.9304 0.9285 0.9452 0.924 ]
 [0.9166 0.9391 0.9427 0.9231 0.9339]
 [0.9313 0.9377 0.9291 0.9172 0.9411]
 [0.9247 0.9532 0.9398 0.9171 0.9245]
 [0.917  0.9512 0.946  0.914  0.9263]
 [0.8941 0.9364 0.9157 0.9577 0.9408]
 [0.9165 0.9231 0.9436 0.932  0.9279]
 [0.9451 0.9125 0.9373 0.9276 0.9406]
 [0.9289 0.9324 0.9408 0.9049 0.9405]
 [0.9152 0.9275 0.9289 0.9529 0.9247]]
10x5 AUPRC Matrix:
[[0.8463 0.8706 0.8691 0.8672 0.8445]
 [0.8218 0.8863 0.876  0.8534 0.864 ]
 [0.8474 0.8648 0.8504 0.8348 0.8906]
 [0.851  0.9041 0.8599 0.8415 0.8429]
 [0.8495 0.8827 0.8916 0.822  0.8463]
 [0.8161 0.8617 0.8277 0.9075 0.8749]
 [0.8285 0.8462 0.8836 0.8705 0.8478]
 [0.8775 0.8537 0.8681 0.8613 0.8655]
 [0.8226 0.8576 0.8853 0.8224 0.885 ]
 [0.8188 0.862  0.8681 0.8807 0.8419]]
