========================================
Dropout: 0.3, LR: 0.0005, Lambda: 0.001, Dataset: cpdb, Cancer: pan-cancer
----------------------------------------
【全部测试节点】
  AUPRC: 0.8540 ± 0.0238
  AUROC: 0.9292 ± 0.0134
  AUPRC matrix:
0.846877 0.859114 0.860903 0.854699 0.835070
0.814626 0.887310 0.874561 0.835856 0.862705
0.833315 0.875140 0.842669 0.838614 0.897197
0.833206 0.900746 0.867569 0.840662 0.832874
0.844631 0.887916 0.887800 0.814328 0.842655
0.804950 0.858842 0.827565 0.902667 0.867917
0.821895 0.844510 0.879617 0.868565 0.846502
0.876875 0.838902 0.872130 0.854102 0.853364
0.819910 0.852295 0.874117 0.820154 0.881245
0.820514 0.860995 0.857837 0.870798 0.850838
  AUROC matrix:
0.929066 0.927357 0.924185 0.940806 0.920124
0.915855 0.940295 0.941347 0.917275 0.933696
0.923724 0.939735 0.927775 0.918700 0.943396
0.917966 0.951638 0.943221 0.915576 0.919980
0.914994 0.954625 0.946510 0.910295 0.925939
0.893441 0.938141 0.914602 0.958983 0.936905
0.915970 0.923638 0.939874 0.931955 0.927752
0.944085 0.907226 0.939531 0.922988 0.936186
0.930889 0.927903 0.935297 0.905272 0.939007
0.919072 0.928420 0.924671 0.949369 0.925694
----------------------------------------
【孤立测试节点 - 与训练数据无边相连】
  AUPRC: 0.8695 ± 0.0800
  AUROC: 0.5120 ± 0.2028
  AUPRC matrix:
0.903134 0.868103 0.768519 0.956456 0.929204
0.780952 0.937500 0.805556 0.855856 0.857143
0.690367 0.900000 0.851167 0.878635 0.996855
0.930921 0.911321 0.925205 0.613520 0.970760
0.837750 0.936232 0.885827 0.887755 0.959184
0.679245 0.890605 0.898109 0.962366 0.757522
0.812174 0.896078 0.935897 0.830931 0.881336
0.943355 0.806818 0.812500 0.941392 0.919565
0.928437 0.827206 0.843333 0.801786 0.954955
0.743056 0.894539 0.833010 0.957132 0.886441
  AUROC matrix:
0.382900 0.634330 0.377180 0.706478 0.590361
0.404602 0.583750 0.624536 0.350163 0.316229
0.055388 0.818952 0.548156 0.194269 0.902778
0.597306 0.434635 0.524005 0.379661 0.832752
0.586084 0.557912 0.258657 0.359606 0.834900
0.080345 0.494885 0.540177 0.737287 0.379728
0.371920 0.756489 0.545863 0.545704 0.515950
0.719854 0.469977 0.190001 0.219992 0.652351
0.637077 0.305302 0.549684 0.573167 0.797452
0.163020 0.401876 0.659409 0.728661 0.709492
========================================

