----------------------------------------
Dropout Rate: 0.3, Learning Rate: 0.0005, Lambda Inter: 0.001
Results for pan-cancer:
AUPR: 0.8540 ± 0.0238
[[0.84687653 0.8591139  0.86090341 0.8546989  0.83506998]
 [0.81462613 0.88731012 0.87456096 0.83585554 0.86270531]
 [0.83331499 0.87514023 0.8426695  0.83861406 0.89719668]
 [0.8332062  0.90074592 0.86756881 0.84066246 0.8328739 ]
 [0.84463089 0.88791649 0.8877998  0.814328   0.84265518]
 [0.80495034 0.85884212 0.82756451 0.90266669 0.86791677]
 [0.82189464 0.84450951 0.87961732 0.86856495 0.84650206]
 [0.8768746  0.83890215 0.87212991 0.85410188 0.85336434]
 [0.81990992 0.85229549 0.87411738 0.82015424 0.88124496]
 [0.82051379 0.86099466 0.8578368  0.87079824 0.85083807]]
AUC: 0.9292 ± 0.0134
[[0.92906579 0.92735705 0.92418478 0.94080566 0.92012435]
 [0.91585537 0.94029465 0.94134725 0.91727473 0.93369601]
 [0.92372419 0.93973464 0.9277746  0.91869954 0.94339623]
 [0.91796617 0.95163838 0.94322082 0.91557647 0.91998043]
 [0.91499383 0.95462508 0.9465103  0.9102946  0.92593872]
 [0.89344074 0.93814078 0.9146024  0.95898277 0.93690543]
 [0.91597025 0.92363803 0.93987414 0.93195458 0.92775211]
 [0.94408547 0.90722552 0.93953089 0.92298836 0.93618583]
 [0.93088941 0.9279027  0.93529748 0.90527179 0.93900666]
 [0.91907182 0.92841963 0.92467105 0.94936891 0.92569405]]
