Experiment: 10x5 Cross-Validation [Masked Features (关键词遮蔽)]
Cancer Type: pan-cancer, Dataset: cpdb
Hyperparameters: lr=0.0005, dropout=0.3, lambdinter=0.001, epochs=160
Base Seed: 42
------------------------------------------------------------
Overall Metrics (over 10x5 = 50 folds):
  AUROC : 0.9303 ± 0.0128
  AUPRC : 0.8579 ± 0.0226
------------------------------------------------------------
10x5 AUROC Matrix:
[[0.9276 0.9293 0.9282 0.9442 0.9235]
 [0.9169 0.9388 0.9407 0.9225 0.9341]
 [0.9306 0.9375 0.9286 0.9154 0.9413]
 [0.9252 0.9534 0.9388 0.9172 0.9251]
 [0.9175 0.9471 0.9466 0.9134 0.9243]
 [0.8945 0.9367 0.9153 0.9571 0.9406]
 [0.916  0.9221 0.9438 0.9337 0.9267]
 [0.9444 0.9115 0.9358 0.9285 0.9412]
 [0.9291 0.9324 0.9414 0.9049 0.9409]
 [0.9159 0.9278 0.9291 0.9523 0.9244]]
10x5 AUPRC Matrix:
[[0.8461 0.8698 0.8702 0.8652 0.8438]
 [0.8214 0.8862 0.8701 0.8527 0.8652]
 [0.8461 0.8663 0.8492 0.834  0.8906]
 [0.8519 0.9051 0.8585 0.8423 0.8439]
 [0.8513 0.8798 0.8916 0.822  0.8423]
 [0.8167 0.8622 0.8272 0.9066 0.8743]
 [0.8249 0.8452 0.8839 0.8723 0.8469]
 [0.8791 0.852  0.8634 0.8624 0.8664]
 [0.8234 0.8573 0.8867 0.8224 0.8868]
 [0.8191 0.8629 0.8685 0.8794 0.8409]]
