-------------------------MNGCL_ori_result------------------------
AUC:0.9185
AUPR:0.8398
[[0.88686484 0.93960874 0.93507891 0.91056057 0.93121029]
 [0.88584858 0.93577236 0.93431031 0.91335315 0.92362677]
 [0.8769563  0.93856707 0.93730785 0.91109859 0.92083419]
 [0.88579776 0.93541667 0.93548883 0.91153413 0.92967309]
 [0.88249492 0.93216463 0.93564255 0.90748617 0.92393421]
 [0.88376524 0.9351372  0.93341361 0.91009941 0.92757225]
 [0.88485772 0.93246951 0.93602685 0.91509531 0.92823837]
 [0.87898882 0.93836382 0.93618057 0.90789609 0.92347305]
 [0.88041159 0.93818598 0.93413097 0.90799857 0.93026235]
 [0.88127541 0.94288618 0.93395163 0.91209777 0.93003177]]
[[0.81463485 0.86920769 0.84275703 0.82929953 0.86415289]
 [0.81146955 0.86690593 0.84233846 0.82729229 0.85039867]
 [0.8019149  0.86506983 0.84568499 0.82465973 0.84900021]
 [0.81285456 0.8624229  0.83974432 0.8270131  0.86161068]
 [0.80721677 0.86264949 0.84189057 0.81857494 0.85099538]
 [0.80650452 0.86191705 0.84326771 0.82481034 0.85340206]
 [0.80547093 0.85799116 0.84313832 0.83806408 0.85519645]
 [0.803481   0.87534672 0.84086712 0.8234699  0.85453589]
 [0.80514657 0.86696241 0.84160703 0.82517066 0.85637534]
 [0.80420265 0.88036771 0.84648552 0.82834985 0.85646726]]