-------------------------MNGCL_ori_result------------------------
AUC:0.9194
AUPR:0.8163
[[0.9223941  0.92206667 0.9151606  0.91571044 0.9225811 ]
 [0.92338301 0.92564847 0.91399007 0.91693819 0.91814232]
 [0.92368911 0.92445454 0.91052533 0.91852009 0.92059782]
 [0.9195451  0.92185598 0.91132128 0.91124805 0.91887425]
 [0.93190648 0.92117708 0.91466898 0.91379799 0.92140058]
 [0.92456029 0.92232419 0.9084418  0.91814232 0.92125891]
 [0.9260672  0.92623373 0.91190655 0.91762289 0.92310053]
 [0.92750347 0.92361176 0.9088866  0.91700902 0.9196534 ]
 [0.92423065 0.92354153 0.91092331 0.91280635 0.91679652]
 [0.92905747 0.92450136 0.91782938 0.91334939 0.92336025]]

[[0.82155472 0.81698021 0.81281728 0.80460322 0.82593252]
 [0.83205962 0.82683861 0.80772965 0.8034747  0.81980556]
 [0.82915609 0.82471864 0.80192102 0.81229376 0.82404222]
 [0.82643151 0.81816865 0.80355006 0.78730467 0.81699728]
 [0.84719852 0.81039709 0.81457848 0.79344383 0.82138741]
 [0.83411882 0.81282232 0.79642497 0.79977525 0.8206868 ]
 [0.83163658 0.82315286 0.80563492 0.80254676 0.82582951]
 [0.83703602 0.82291167 0.80695401 0.79714068 0.82073013]
 [0.83898976 0.81417348 0.81155413 0.80203    0.81568646]
 [0.84129473 0.8143374  0.8039884  0.80240573 0.83074508]]
