--------------my_cpdb_result--------------------------
Results for pan-cancer:
AUPR: 0.8586 ± 0.0228
[[0.85451473 0.86229713 0.86754929 0.8629774  0.83341708]
 [0.82360944 0.88862809 0.87744561 0.85458682 0.86290814]
 [0.85450575 0.87590036 0.83850124 0.83546894 0.89233134]
 [0.84854575 0.90689116 0.86977204 0.84118302 0.83942535]
 [0.85699618 0.89726734 0.886116   0.82057997 0.85603954]
 [0.81455482 0.8517058  0.83535548 0.89845602 0.8781814 ]
 [0.81682973 0.84597556 0.88743324 0.87322083 0.85225021]
 [0.87734411 0.85097192 0.86988723 0.85503981 0.86884152]
 [0.82041088 0.86349422 0.88349033 0.82824169 0.87728447]
 [0.82850944 0.85489049 0.86497114 0.88343097 0.84354914]]
AUC: 0.9305 ± 0.0128
[[0.93087505 0.92909451 0.92858982 0.94217291 0.91616654]
 [0.91874156 0.9395049  0.94357838 0.92465783 0.93260222]
 [0.9307171  0.94216134 0.92720252 0.91721716 0.9392945 ]
 [0.92454266 0.9552856  0.94262014 0.91724595 0.9230891 ]
 [0.92010568 0.95561586 0.94405034 0.91582114 0.92952233]
 [0.8971454  0.93420637 0.91783467 0.95421902 0.94266223]
 [0.91319893 0.92073749 0.94435069 0.93530792 0.92801117]
 [0.94310904 0.90838862 0.93586957 0.92419729 0.94378481]
 [0.92650986 0.92949657 0.93834382 0.90748816 0.93799922]
 [0.91677436 0.92938169 0.92856121 0.95236245 0.92546378]]

--------------ECD-CDGI_ori_cpdb_result--------------------------
[[0.90815887 0.89390023 0.88708524 0.91838291 0.87199747]
 [0.90415267 0.90178341 0.90464817 0.8748183  0.90625045]
 [0.87691336 0.90413831 0.89342105 0.87786941 0.92070003]
 [0.90587576 0.91496511 0.90676487 0.88378452 0.87631507]
 [0.87531949 0.92411189 0.9090389  0.86423298 0.88522372]
 [0.87183022 0.89667155 0.88116419 0.92170747 0.90763208]
 [0.88775452 0.88987967 0.90956808 0.90817898 0.89079343]
 [0.90380805 0.89543666 0.9076659  0.88749766 0.88564109]
 [0.89527871 0.88201086 0.90829519 0.88067585 0.91248219]
 [0.89051147 0.90706757 0.88495423 0.91409409 0.88412993]]
[[0.82237284 0.8153618  0.80137353 0.82283677 0.78989792]
 [0.82926049 0.82204888 0.80716318 0.76804461 0.83277482]
 [0.75933082 0.8216658  0.79298996 0.78823325 0.84826952]
 [0.82085703 0.84280922 0.80469405 0.80347888 0.7817941 ]
 [0.79853734 0.85542321 0.82120369 0.75185585 0.76009824]
 [0.77458019 0.80755138 0.78765343 0.84119816 0.82594477]
 [0.78290548 0.79247823 0.84460316 0.8377688  0.79474446]
 [0.80902245 0.81547531 0.83527141 0.79863394 0.78465161]
 [0.77883604 0.78399173 0.84066164 0.77160458 0.83747113]
 [0.7774311  0.83562438 0.80218094 0.82150933 0.79012029]]
AUC:0.895892+-0.014883
AUPR:0.806686+-0.025712

----------------------------------------
Model: dishyper
Dataset: CPDB
Results for pancancer:
AUROC Matrix (10x5):
0.889939 0.938110 0.870020 0.869004 0.915346
0.908333 0.872459 0.910874 0.875711 0.891565
0.977947 0.870427 0.836992 0.852947 0.917378
0.915346 0.899695 0.865549 0.895325 0.855894
0.894715 0.884248 0.932012 0.901524 0.783841
0.859146 0.927744 0.893699 0.914634 0.845224
0.897358 0.940142 0.861992 0.871443 0.905081
0.907419 0.917988 0.895020 0.920833 0.859654
0.874289 0.947764 0.877439 0.902236 0.847053
0.899187 0.866362 0.939939 0.819512 0.864126
AUPRC Matrix (10x5):
0.583120 0.739021 0.602123 0.651525 0.687891
0.642072 0.567824 0.608731 0.692058 0.634089
0.848423 0.612691 0.457410 0.522460 0.663062
0.752783 0.550915 0.541286 0.680000 0.572206
0.626262 0.554535 0.792559 0.627898 0.435688
0.606642 0.763636 0.571991 0.642631 0.619308
0.645200 0.710110 0.566075 0.687758 0.762122
0.609563 0.757472 0.702980 0.615460 0.531874
0.603039 0.754188 0.643845 0.672967 0.627290
0.551683 0.520233 0.700800 0.597828 0.557613

AUROC Mean Â± Std: 0.8896 Â± 0.0347
AUPRC Mean Â± Std: 0.6334 Â± 0.0842

----------------------------------------
Model: DISFusion
Dataset: CPDB
Results for pancancer:
AUROC Matrix (10x5):
0.928592 0.928664 0.925072 0.931235 0.907243
0.918311 0.929037 0.934039 0.918052 0.916411
0.924255 0.927702 0.916991 0.922240 0.937380
0.919890 0.946785 0.936885 0.918815 0.901515
0.914089 0.949642 0.927646 0.896737 0.920110
0.886591 0.935154 0.922411 0.949038 0.935006
0.905574 0.924399 0.931894 0.929422 0.925277
0.928850 0.905904 0.937228 0.923032 0.937222
0.916329 0.907585 0.944351 0.906682 0.934588
0.912639 0.929051 0.916347 0.939669 0.910453
AUPRC Matrix (10x5):
0.845590 0.854397 0.851754 0.843431 0.818816
0.811549 0.864555 0.854627 0.837381 0.841629
0.843386 0.869397 0.824175 0.826804 0.885200
0.841961 0.886561 0.851219 0.828152 0.814797
0.831762 0.872183 0.853374 0.802326 0.846439
0.795617 0.848709 0.832553 0.886959 0.865262
0.808896 0.844638 0.861581 0.852587 0.849845
0.848850 0.840051 0.856907 0.854808 0.846855
0.804869 0.829399 0.885059 0.807518 0.871639
0.820426 0.856796 0.827002 0.851622 0.831335

AUROC Mean ± Std: 0.9238 ± 0.0133
AUPRC Mean ± Std: 0.8436 ± 0.0222

----------------------------------------
Results for pan-cancer:
GCN,cpdb
AUPR: 0.8141 ± 0.0264
[[0.8063275  0.80920504 0.83337165 0.83090988 0.78656972]
 [0.80885014 0.84070705 0.83351776 0.77775157 0.81267421]
 [0.80937057 0.83378759 0.77621606 0.7957097  0.85528141]
 [0.80876723 0.87959626 0.79437608 0.78798432 0.79264129]
 [0.80716571 0.8763009  0.83073968 0.76167223 0.80069932]
 [0.79043977 0.82769211 0.78889572 0.84736591 0.82606097]
 [0.77743507 0.8013346  0.85175804 0.83089457 0.81187919]
 [0.82132415 0.80381993 0.83324138 0.81150627 0.80385297]
 [0.77496287 0.79498822 0.84859233 0.78119553 0.84764909]
 [0.8099716  0.8320813  0.81374254 0.84245598 0.78128406]]
AUC: 0.9012 ± 0.0162
[[0.91170558 0.89839465 0.90170195 0.91937596 0.87722177]
 [0.90563166 0.91541024 0.91394451 0.88568427 0.89198797]
 [0.89704489 0.90485626 0.891004   0.88541082 0.92044097]
 [0.89378536 0.93587203 0.9007008  0.88430264 0.89688125]
 [0.87938313 0.93934695 0.91049771 0.87520689 0.89857951]
 [0.86851325 0.90995376 0.88468249 0.92942159 0.91682858]
 [0.88983659 0.88979352 0.91812071 0.90555963 0.90085345]
 [0.91518049 0.87576462 0.9159468  0.89948621 0.89259243]
 [0.89876798 0.88640476 0.91651888 0.88243167 0.91707324]
 [0.90023262 0.91450561 0.89562357 0.92120375 0.87863218]]
----------------------------------------
Model: Cheb
Dataset: cpdb
Results for pan-cancer:
AUPR: 0.8151 ± 0.0270
[[0.82064163 0.82428834 0.83030134 0.8362699  0.77737436]
 [0.79899852 0.84177632 0.82949555 0.77812934 0.82197329]
 [0.79553466 0.82392843 0.79850235 0.80758621 0.85981662]
 [0.81277372 0.88345712 0.79367242 0.78691337 0.78735599]
 [0.80963331 0.87677303 0.83170113 0.76108116 0.79707984]
 [0.80409972 0.81425681 0.79319137 0.85585175 0.83046795]
 [0.78192137 0.79561317 0.85029353 0.82191211 0.81475644]
 [0.81798088 0.8037637  0.84147641 0.81086011 0.80682255]
 [0.76566652 0.80579753 0.84798188 0.78535385 0.84933169]
 [0.79879291 0.8466793  0.80403991 0.84077089 0.78334198]]
AUC: 0.9020 ± 0.0160
[[0.9144769  0.90089314 0.90308924 0.92259977 0.88064706]
 [0.90283162 0.90788605 0.91623284 0.8903041  0.89285149]
 [0.89405818 0.89945722 0.90673627 0.88885051 0.92342012]
 [0.89639872 0.9424198  0.90311785 0.88365499 0.88883612]
 [0.8870222  0.94289366 0.90799485 0.87707785 0.88899443]
 [0.87712874 0.90955171 0.88735698 0.93306276 0.90945987]
 [0.89239252 0.88999454 0.91784897 0.90725789 0.89747132]
 [0.91395997 0.87857902 0.91792048 0.90122764 0.89217506]
 [0.89427357 0.89681514 0.91368707 0.8805895  0.91831095]
 [0.89825106 0.91568306 0.89043192 0.92377992 0.88217262]]
----------------------------------------
Model: GAT
Dataset: cpdb
Results for pan-cancer:
AUPR: 0.5803 ± 0.0444
[[0.61432786 0.57383708 0.51140274 0.58317297 0.55059964]
 [0.54190839 0.62071861 0.60847821 0.49487474 0.63683661]
 [0.50094427 0.63525247 0.59761897 0.50473188 0.66339336]
 [0.56507244 0.6612198  0.55180366 0.55459829 0.5753511 ]
 [0.56338371 0.66373491 0.53135221 0.52795286 0.589724  ]
 [0.57793828 0.55412917 0.5697428  0.63354895 0.5624003 ]
 [0.58815425 0.5725286  0.50309343 0.61207066 0.63170266]
 [0.64472187 0.53278857 0.55298839 0.59953201 0.55450752]
 [0.56082553 0.61194922 0.63948537 0.55935936 0.62090876]
 [0.55303743 0.6006368  0.54670427 0.57404289 0.63619995]]
AUC: 0.8143 ± 0.0200
[[0.82038138 0.80929611 0.77325515 0.80665774 0.81370983]
 [0.78871945 0.81488182 0.82261156 0.78085287 0.83522588]
 [0.79620057 0.82891071 0.80267449 0.79386325 0.84878316]
 [0.79599954 0.86047213 0.81846396 0.79816646 0.80618281]
 [0.80056575 0.85192843 0.79453661 0.79636746 0.81395449]
 [0.80167141 0.80320783 0.79656751 0.8478045  0.82362592]
 [0.79920163 0.8069125  0.78481121 0.83388743 0.83816185]
 [0.85222998 0.78660866 0.81161327 0.81737979 0.82174057]
 [0.83283076 0.80580684 0.83302346 0.81077386 0.83603184]
 [0.81733724 0.82555067 0.80015732 0.84065887 0.81627161]]

-------------------------MNGCL_ori_result------------------------
AUC:0.9185
AUPR:0.8398
[[0.88686484 0.93960874 0.93507891 0.91056057 0.93121029]
 [0.88584858 0.93577236 0.93431031 0.91335315 0.92362677]
 [0.8769563  0.93856707 0.93730785 0.91109859 0.92083419]
 [0.88579776 0.93541667 0.93548883 0.91153413 0.92967309]
 [0.88249492 0.93216463 0.93564255 0.90748617 0.92393421]
 [0.88376524 0.9351372  0.93341361 0.91009941 0.92757225]
 [0.88485772 0.93246951 0.93602685 0.91509531 0.92823837]
 [0.87898882 0.93836382 0.93618057 0.90789609 0.92347305]
 [0.88041159 0.93818598 0.93413097 0.90799857 0.93026235]
 [0.88127541 0.94288618 0.93395163 0.91209777 0.93003177]]
[[0.81463485 0.86920769 0.84275703 0.82929953 0.86415289]
 [0.81146955 0.86690593 0.84233846 0.82729229 0.85039867]
 [0.8019149  0.86506983 0.84568499 0.82465973 0.84900021]
 [0.81285456 0.8624229  0.83974432 0.8270131  0.86161068]
 [0.80721677 0.86264949 0.84189057 0.81857494 0.85099538]
 [0.80650452 0.86191705 0.84326771 0.82481034 0.85340206]
 [0.80547093 0.85799116 0.84313832 0.83806408 0.85519645]
 [0.803481   0.87534672 0.84086712 0.8234699  0.85453589]
 [0.80514657 0.86696241 0.84160703 0.82517066 0.85637534]
 [0.80420265 0.88036771 0.84648552 0.82834985 0.85646726]]

-------------------------MTGCN_ori_result------------------------
AUC:0.909600 +- 0.015150
0.9200 0.9114 0.9058 0.9296 0.8935
0.9131 0.9129 0.9176 0.9013 0.8962
0.9114 0.9191 0.9062 0.8983 0.9262
0.8961 0.9479 0.9107 0.9027 0.8910
0.8990 0.9334 0.9178 0.8857 0.8986
0.8822 0.9151 0.8928 0.9331 0.9222
0.8933 0.8950 0.9281 0.9190 0.9051
0.9251 0.8966 0.9233 0.9002 0.9261
0.9016 0.9006 0.9116 0.8904 0.9251
0.8951 0.9226 0.8963 0.9423 0.8917
AUPR:0.832530 +- 0.025166
0.8320 0.8507 0.8418 0.8583 0.7983
0.8234 0.8524 0.8383 0.8124 0.8282
0.8301 0.8571 0.8104 0.8129 0.8708
0.8246 0.8984 0.8154 0.8184 0.7984
0.8338 0.8791 0.8433 0.7713 0.8124
0.8174 0.8324 0.7943 0.8624 0.8481
0.8103 0.8134 0.8636 0.8347 0.8244
0.8478 0.8270 0.8566 0.8256 0.8476
0.8043 0.8135 0.8487 0.8047 0.8726
0.8145 0.8605 0.8103 0.8688 0.8108

-------------------------EMOGI_ori_result------------------------
AUC:0.898651+-0.015204
[[0.9082881  0.89349818 0.89294908 0.92159233 0.8868788 ]
 [0.90896298 0.90179777 0.91118421 0.88640387 0.87709943]
 [0.90102237 0.90533012 0.88536899 0.89044802 0.91809507]
 [0.89122943 0.92932426 0.90061499 0.89918397 0.88767037]
 [0.8805893  0.92721346 0.8951087  0.8708605  0.89620483]
 [0.86653169 0.90811579 0.89041762 0.91920326 0.90816459]
 [0.89647052 0.87564975 0.91880721 0.91351841 0.89809018]
 [0.90535884 0.87319434 0.91029748 0.89669416 0.90619288]
 [0.88778323 0.88597398 0.91812071 0.88510859 0.90757451]
 [0.89311048 0.91309842 0.88913043 0.92320424 0.87582574]]
AUPR:0.814478+-0.024208
[[0.82455664 0.82515941 0.81143053 0.84570757 0.78353942]
 [0.81911463 0.83507479 0.82530041 0.78496981 0.79072934]
 [0.81595928 0.82723738 0.79677961 0.80291758 0.85589096]
 [0.81541817 0.86732127 0.78731786 0.81403892 0.80204327]
 [0.81238975 0.85105359 0.81165827 0.7552621  0.80256303]
 [0.79072179 0.81812382 0.79224141 0.8454298  0.80865332]
 [0.80780765 0.78734652 0.85881486 0.82829197 0.80631242]
 [0.82224823 0.80043445 0.84394804 0.81823899 0.81637219]
 [0.7902541  0.78594499 0.85535691 0.79094149 0.83082377]
 [0.80472951 0.84791518 0.80475559 0.83721107 0.76752404]]

