----------------------------------------
Model: my
Dataset: string
Results for pan-cancer:
AUPR: 0.8414 ± 0.0162
[[0.83533106 0.83142736 0.87196338 0.84983473 0.82676524]
 [0.82813329 0.83955924 0.86805096 0.8562001  0.81853269]
 [0.82846764 0.83613457 0.86193637 0.85564659 0.82048079]
 [0.83247296 0.84202288 0.86541797 0.84603905 0.81968055]
 [0.83191016 0.83690349 0.86734683 0.84410578 0.82552768]
 [0.83324593 0.83866998 0.86729995 0.85800462 0.81926895]
 [0.83317123 0.84351399 0.86500719 0.85009695 0.82144856]
 [0.83085914 0.85027575 0.87237857 0.84420232 0.81722216]
 [0.8227091  0.83589059 0.86119226 0.85500957 0.81898873]
 [0.82164414 0.8404407  0.85357562 0.85213996 0.82489316]]
AUC: 0.9285 ± 0.0068
[[0.92662631 0.92586146 0.94334771 0.92760259 0.92662048]
 [0.92185254 0.92677137 0.94283341 0.93142486 0.92313001]
 [0.92092944 0.92616476 0.93812557 0.9284918  0.92513404]
 [0.92438449 0.92764173 0.93910142 0.92668684 0.92259914]
 [0.92153605 0.92815603 0.94322902 0.92708499 0.92435101]
 [0.92418668 0.92654719 0.94092126 0.92831927 0.92216117]
 [0.92532078 0.92856483 0.94006409 0.92894304 0.9244041 ]
 [0.92456911 0.93103084 0.94183118 0.92595689 0.9234618 ]
 [0.91750076 0.9253999  0.93870581 0.93000478 0.923276  ]
 [0.9148765  0.92691643 0.93779589 0.92898285 0.92512077]]

----------------------------------------
Model: CGN
Dataset: string
Results for pan-cancer:
AUPR: 0.8040 ± 0.0257
[[0.77731658 0.78952144 0.83748603 0.82085681 0.77601128]
 [0.78605513 0.7905495  0.84029599 0.82435658 0.77274636]
 [0.78882267 0.79539252 0.84224595 0.82762794 0.77010367]
 [0.78109509 0.79441018 0.84444879 0.82640599 0.7637296 ]
 [0.7846156  0.79851324 0.84140698 0.83131273 0.77328059]
 [0.78041654 0.79830294 0.84179435 0.8282811  0.7708369 ]
 [0.78601298 0.79351928 0.83662806 0.82262047 0.77942048]
 [0.79040095 0.78990516 0.8400813  0.82872708 0.77779525]
 [0.78871832 0.79527952 0.84805421 0.82617723 0.7768195 ]
 [0.78784387 0.79163341 0.83892624 0.8227806  0.7782032 ]]
AUC: 0.9090 ± 0.0140
[[0.88742071 0.90579051 0.93064842 0.91089345 0.90036895]
 [0.89099445 0.9047619  0.93321992 0.90731008 0.90064766]
 [0.89401432 0.9074521  0.93366829 0.91268514 0.89961246]
 [0.89193074 0.90738616 0.93281112 0.91337527 0.89690503]
 [0.88863394 0.90772903 0.93299574 0.91602962 0.90201465]
 [0.88760533 0.90929831 0.93328586 0.91425121 0.89932049]
 [0.8897021  0.90730704 0.93198032 0.91276477 0.90565111]
 [0.89364508 0.90593557 0.93146602 0.91751606 0.90505388]
 [0.89322309 0.90772903 0.93357598 0.91231353 0.90229336]
 [0.89148238 0.90397067 0.93147921 0.91255242 0.90545204]]
----------------------------------------
Model: Cheb
Dataset: string
Results for pan-cancer:
AUPR: 0.8065 ± 0.0227
[[0.79662332 0.78996658 0.83153267 0.83376129 0.77611994]
 [0.79599657 0.79483849 0.83192309 0.82998568 0.77759737]
 [0.79616425 0.80024771 0.83089947 0.82950815 0.77863038]
 [0.80165273 0.79436118 0.82784204 0.83603204 0.77678327]
 [0.79109808 0.8002981  0.83122676 0.83647686 0.76989367]
 [0.79402948 0.79434017 0.83191041 0.83180272 0.76647945]
 [0.79333652 0.79348081 0.84006984 0.83372893 0.78176533]
 [0.79513823 0.80108261 0.82352269 0.8356133  0.77792491]
 [0.8019772  0.79955654 0.83611097 0.83138959 0.76746541]
 [0.79593882 0.79485633 0.82975196 0.83042711 0.78165496]]
AUC: 0.9084 ± 0.0120
[[0.89472643 0.9039443  0.92191848 0.91884323 0.89912141]
 [0.89124501 0.90521027 0.9255054  0.91650741 0.90143069]
 [0.89505611 0.90705648 0.92409437 0.91742316 0.90104581]
 [0.89679682 0.90406298 0.92206354 0.91849817 0.9016165 ]
 [0.89033509 0.90585644 0.92816922 0.91967935 0.8976217 ]
 [0.89102082 0.90511796 0.92615157 0.91795403 0.89263152]
 [0.89241867 0.90515752 0.92948794 0.92015714 0.90311621]
 [0.89183843 0.90944337 0.92050744 0.91759569 0.8988427 ]
 [0.89746937 0.90836202 0.92959344 0.91725062 0.89467537]
 [0.89491105 0.90366737 0.9235405  0.91747624 0.90153687]]
----------------------------------------
Model: GAT
Dataset: string
Results for pan-cancer:
AUPR: 0.5884 ± 0.0437
[[0.56443823 0.58743987 0.64221389 0.59775235 0.51453285]
 [0.57163883 0.58167549 0.64415955 0.58086328 0.54879213]
 [0.59496397 0.57757842 0.63061554 0.59705612 0.53048663]
 [0.58135932 0.60468769 0.66672334 0.56939242 0.58032252]
 [0.54465896 0.57744447 0.6409871  0.57814583 0.54912294]
 [0.58945842 0.58056172 0.66041311 0.56368179 0.52023213]
 [0.57579334 0.55612185 0.66948251 0.60754846 0.56344855]
 [0.55468268 0.53412999 0.66625315 0.59432677 0.52060665]
 [0.57302606 0.59477174 0.71892535 0.61432544 0.55278257]
 [0.58483013 0.59717225 0.64590191 0.61017698 0.51406136]]
AUC: 0.8443 ± 0.0176
[[0.81983621 0.84296    0.86482441 0.85912698 0.81821681]
 [0.83335971 0.84690298 0.86945313 0.85444206 0.82750703]
 [0.83117063 0.84942174 0.85488784 0.86334077 0.82055264]
 [0.83241023 0.8524548  0.87553903 0.85336704 0.82896693]
 [0.82512429 0.84187865 0.86242434 0.8432606  0.83156819]
 [0.83268057 0.84762828 0.86695415 0.84369194 0.81899984]
 [0.8352257  0.83830491 0.87491263 0.85895445 0.82335298]
 [0.83011565 0.82696391 0.87375875 0.85075914 0.82537028]
 [0.83411138 0.84495127 0.8843415  0.85414344 0.83009503]
 [0.82898814 0.84730519 0.8673168  0.86206004 0.81335935]]

-------------------------ECD-CDGI_ori_string_result------------------------
[[0.89158787 0.89931558 0.89472643 0.91544567 0.87098529]
 [0.88947792 0.90510477 0.89975076 0.90724372 0.86964485]
 [0.88335905 0.90012    0.90182115 0.90624834 0.86636673]
 [0.89265604 0.89959251 0.89807598 0.91507406 0.868822  ]
 [0.88404478 0.9042476  0.90617294 0.90285077 0.86432288]
 [0.89154831 0.89973757 0.90099036 0.90618198 0.86673833]
 [0.8886735  0.90331131 0.90062112 0.91482189 0.86712321]
 [0.8860888  0.90521027 0.90430035 0.90861071 0.87468811]
 [0.89078345 0.90319263 0.9079664  0.90497425 0.86827786]
 [0.88900318 0.90017275 0.89993538 0.9079604  0.86709667]]

[[0.76029614 0.74457696 0.74416887 0.81692398 0.70453444]
 [0.75761678 0.76282806 0.7704174  0.79938258 0.7105372 ]
 [0.75760313 0.73564764 0.77629384 0.78296617 0.70804169]
 [0.75987127 0.73720541 0.7677653  0.80715499 0.71110197]
 [0.74798142 0.7590439  0.78347975 0.78549603 0.70093629]
 [0.76319297 0.75160366 0.76001649 0.78888787 0.70269432]
 [0.75342343 0.74237831 0.77862225 0.80730674 0.71085086]
 [0.7512087  0.7544904  0.76258612 0.78019729 0.72469316]
 [0.7563112  0.76106424 0.78304616 0.7878909  0.70072683]
 [0.75805732 0.75477802 0.76723166 0.80536726 0.70059727]]
AUC:0.893901+-0.014695
AUPR:0.755982+-0.030354

-------------------------MNGCL_ori_result------------------------
AUC:0.9194
AUPR:0.8163
[[0.9223941  0.92206667 0.9151606  0.91571044 0.9225811 ]
 [0.92338301 0.92564847 0.91399007 0.91693819 0.91814232]
 [0.92368911 0.92445454 0.91052533 0.91852009 0.92059782]
 [0.9195451  0.92185598 0.91132128 0.91124805 0.91887425]
 [0.93190648 0.92117708 0.91466898 0.91379799 0.92140058]
 [0.92456029 0.92232419 0.9084418  0.91814232 0.92125891]
 [0.9260672  0.92623373 0.91190655 0.91762289 0.92310053]
 [0.92750347 0.92361176 0.9088866  0.91700902 0.9196534 ]
 [0.92423065 0.92354153 0.91092331 0.91280635 0.91679652]
 [0.92905747 0.92450136 0.91782938 0.91334939 0.92336025]]

[[0.82155472 0.81698021 0.81281728 0.80460322 0.82593252]
 [0.83205962 0.82683861 0.80772965 0.8034747  0.81980556]
 [0.82915609 0.82471864 0.80192102 0.81229376 0.82404222]
 [0.82643151 0.81816865 0.80355006 0.78730467 0.81699728]
 [0.84719852 0.81039709 0.81457848 0.79344383 0.82138741]
 [0.83411882 0.81282232 0.79642497 0.79977525 0.8206868 ]
 [0.83163658 0.82315286 0.80563492 0.80254676 0.82582951]
 [0.83703602 0.82291167 0.80695401 0.79714068 0.82073013]
 [0.83898976 0.81417348 0.81155413 0.80203    0.81568646]
 [0.84129473 0.8143374  0.8039884  0.80240573 0.83074508]]

-------------------------EMOGI_ori_result------------------------
AUC:0.903060 +- 0.010157
8.890295525576611402e-01 8.997111999050521058e-01 9.149424377892945159e-01 9.127116844508148530e-01 8.990550512289642304e-01
8.912977542166132805e-01 8.993155833366301977e-01 9.171710777914046098e-01 9.141184902054467765e-01 9.012316186229228920e-01
8.875657712545002020e-01 8.959792169429388053e-01 9.172897627619311933e-01 9.143573817486860822e-01 8.969713861018208112e-01
8.909153248671387582e-01 8.971265049913623724e-01 9.140852685577138814e-01 9.112385199341721531e-01 8.914901523597175137e-01
8.884097532671335617e-01 8.968759478313618194e-01 9.178436259577218426e-01 9.119684663162924698e-01 8.977676912459521263e-01
8.908493887724018290e-01 8.985375374187337671e-01 9.186216718756181621e-01 9.109332696289218489e-01 9.013510643945426004e-01
8.887262465218710439e-01 8.994606427450514419e-01 9.185293613429864612e-01 9.105218453044539029e-01 9.005547592504113963e-01
8.892405480608194246e-01 8.981023591934697015e-01 9.177117537682478732e-01 9.124064341455645488e-01 9.025853373679461056e-01
8.870514697155518213e-01 8.968627606124144336e-01 9.149556250082420128e-01 9.118490205446727614e-01 9.019084779954344988e-01
8.908230143345070573e-01 8.963352718545186670e-01 9.147644103335048626e-01 9.131496522800871540e-01 8.987232574189095713e-01
AUPR:0.793688 +- 0.020333
7.823792145445311874e-01 7.844363853878018045e-01 8.090957742139045505e-01 8.196752112567817772e-01 7.687091885685058967e-01
7.874931257010303609e-01 7.864488988800865110e-01 8.101206311856924414e-01 8.250759385776541555e-01 7.726201114107000834e-01
7.817010810188826930e-01 7.794024809579448432e-01 8.150008208592491865e-01 8.249941101522135778e-01 7.655090839908583744e-01
7.870515138833104052e-01 7.843560343512784305e-01 8.077777714648521901e-01 8.189306616219892421e-01 7.498129963479982507e-01
7.802963548558371487e-01 7.816861786385574939e-01 8.111120943879144285e-01 8.230809743367588638e-01 7.646888415605014311e-01
7.870171012858524495e-01 7.818747687317445516e-01 8.124378845668749349e-01 8.211312145075475577e-01 7.732893309972550533e-01
7.822299904468884568e-01 7.829547803440745080e-01 8.100550335306281324e-01 8.188925128181048230e-01 7.706419076685250280e-01
7.840462947090991452e-01 7.827470537230806213e-01 8.112275976997320726e-01 8.249872030233805775e-01 7.725217110871666071e-01
7.828614059581547879e-01 7.820261015432808938e-01 8.118770801155806849e-01 8.207772659182573927e-01 7.736189078650798079e-01
7.888228223309829978e-01 7.833388847163545998e-01 8.119040360281860602e-01 8.258836769371432629e-01 7.657729361106184740e-01

-------------------------MTGCN_ori_result------------------------
AUC:0.919733 +- 0.008153
9.068850470124355523e-01	9.190172884440401813e-01	9.360419881051286195e-01	9.184052662313532123e-01	9.194537346711260106e-01
9.115269480819190306e-01	9.193733433556197099e-01	9.309385343724861928e-01	9.174762435632000113e-01	9.176222328396240746e-01
9.091400614524403068e-01	9.212854901029922106e-01	9.337342247893342106e-01	9.197855284811806698e-01	9.159234485321442465e-01
9.106434044124434024e-01	9.198217087998311614e-01	9.333649826588071852e-01	9.160827095609704873e-01	9.154191219408610580e-01
9.087840065408606671e-01	9.177249409871952590e-01	9.353826271577586615e-01	9.202898550724638582e-01	9.189494080798428222e-01
9.123841173134996652e-01	9.219184766124671748e-01	9.347364534293363114e-01	9.185777990125816306e-01	9.159367202845464240e-01
9.093906186124408597e-01	9.176326304545634471e-01	9.337474120082815965e-01	9.183123639645379699e-01	9.162021553325900847e-01
9.071487913913836021e-01	9.211404306945707443e-01	9.342221518903879307e-01	9.193342888995063023e-01	9.147555343207516287e-01
9.085334493808601142e-01	9.200722659598318254e-01	9.348287639619680123e-01	9.178345808780591364e-01	9.175558740776132982e-01
9.117775052419194726e-01	9.178568131766692284e-01	9.350265722461790219e-01	9.179274831448743788e-01	9.167197536762753396e-01
AUPR:0.824969 +- 0.015598
8.065628751230571325e-01	8.097541815467227400e-01	8.606168491942842724e-01	8.336626413652389322e-01	8.224469585283959994e-01
8.141682720341660850e-01	8.141256691577967164e-01	8.533833778674260184e-01	8.338768734298076524e-01	8.120506647874136119e-01
8.144362541349947637e-01	8.183323598980094538e-01	8.543609854752778343e-01	8.350442981545430632e-01	8.078702198687095493e-01
8.166959056024669650e-01	8.143369108855905703e-01	8.498884671157826975e-01	8.288711603728514676e-01	8.155253144534964083e-01
8.119570409741191375e-01	8.090516774701981273e-01	8.604787286945571045e-01	8.345451793103857430e-01	8.151403365220875052e-01
8.163028167024326542e-01	8.176259508010477184e-01	8.431305276990551656e-01	8.306072696679018819e-01	8.155967913672712566e-01
8.159138268610279798e-01	8.148640360086506496e-01	8.469829586857422488e-01	8.336196733962140115e-01	8.078597535767736426e-01
8.137096115425591636e-01	8.179994420079207407e-01	8.547231396628875988e-01	8.328470963818928041e-01	8.152616278804867278e-01
8.112382824165612627e-01	8.126720812210316280e-01	8.437344687584624747e-01	8.265493407736124176e-01	8.179740845100474944e-01
8.128977512643433823e-01	8.091638181206525227e-01	8.496864891873477932e-01	8.283613268858146528e-01	8.119420309971184802e-01

----------------------------------------
Model: disfusion
Dataset: string
Results for pancancer:
AUROC Matrix (10x5):
0.917830 0.927787 0.923791 0.941697 0.908478
0.943163 0.899276 0.919795 0.920197 0.947510
0.922143 0.936504 0.924450 0.917967 0.919494
0.936504 0.937835 0.920428 0.917091 0.917901
0.919795 0.934394 0.924121 0.919746 0.934371
0.920758 0.925083 0.926046 0.938990 0.910933
0.919848 0.905065 0.925875 0.931690 0.947205
0.930292 0.903826 0.939339 0.929912 0.925731
0.923514 0.939550 0.904696 0.942560 0.917954
0.923593 0.927615 0.934354 0.918113 0.918060
AUPRC Matrix (10x5):
0.812532 0.821237 0.844231 0.856270 0.799276
0.861749 0.794392 0.825837 0.818084 0.870755
0.831525 0.829849 0.835080 0.806674 0.815372
0.850873 0.844970 0.810728 0.825225 0.827401
0.821650 0.849317 0.820772 0.811598 0.841893
0.807026 0.835011 0.833040 0.838668 0.824004
0.826198 0.800092 0.817203 0.838821 0.866501
0.821916 0.801878 0.863688 0.835631 0.823854
0.817249 0.829365 0.792719 0.862634 0.835423
0.808579 0.844128 0.857633 0.802224 0.816768

AUROC Mean Â± Std: 0.9253 Â± 0.0112
AUPRC Mean Â± Std: 0.8286 Â± 0.0196

----------------------------------------
Model: dis-hiper
Dataset: CPDB
Results for cancerType:
AUROC Matrix (10x5):
0.861099 0.876423 0.883254 0.892340 0.866606
0.864673 0.880761 0.878651 0.893653 0.865610
0.861376 0.884942 0.876871 0.894981 0.865677
0.863684 0.885588 0.882014 0.894450 0.865982
0.862945 0.884177 0.880946 0.898113 0.866261
0.863301 0.880735 0.882370 0.891225 0.866446
0.863499 0.887553 0.884335 0.888823 0.866964
0.866440 0.876607 0.882832 0.892711 0.867216
0.862550 0.883214 0.878651 0.892924 0.866393
0.863341 0.885944 0.883161 0.889884 0.866247
AUPRC Matrix (10x5):
0.751763 0.724373 0.762033 0.777284 0.728459
0.763390 0.731180 0.744492 0.779115 0.724890
0.754597 0.745736 0.744112 0.783877 0.724847
0.760335 0.748106 0.758435 0.782760 0.721712
0.758879 0.741999 0.757763 0.795775 0.723778
0.758036 0.731803 0.761580 0.775644 0.735384
0.757674 0.753874 0.767414 0.767684 0.741054
0.766458 0.721360 0.759656 0.778240 0.735453
0.756908 0.743176 0.746147 0.780292 0.724938
0.758739 0.749929 0.763843 0.770000 0.724416

AUROC Mean Â± Std: 0.8773 Â± 0.0112
AUPRC Mean Â± Std: 0.7524 Â± 0.0190
