----------------------------------------
Dropout Rate: 0.3, Learning Rate: 0.0005, Lambda Inter: 0.001
Results for pan-cancer:
AUPR: 0.8411 +/- 0.0171
[[0.83414368 0.8346679  0.8696686  0.84744582 0.82829   ]
 [0.82560083 0.84198066 0.87201523 0.84767399 0.82835646]
 [0.82903691 0.83867437 0.87106658 0.84718267 0.81748517]
 [0.82664876 0.83332638 0.87277209 0.84871476 0.82848215]
 [0.83216822 0.83080903 0.87274078 0.84130412 0.81983201]
 [0.82340424 0.83773679 0.86475681 0.85383018 0.81879043]
 [0.82891138 0.83354523 0.86470993 0.84881677 0.82680292]
 [0.8245407  0.83922415 0.86881079 0.84845661 0.81991991]
 [0.82795836 0.82895545 0.87189671 0.84838093 0.82058418]
 [0.82907607 0.83802243 0.87055602 0.85346472 0.82236282]]
AUC: 0.9286 +/- 0.0078
[[0.92330313 0.92658675 0.94213448 0.92599671 0.92626214]
 [0.91971621 0.92595377 0.94436312 0.92816    0.92672665]
 [0.92384381 0.92774723 0.94230592 0.92843871 0.92297075]
 [0.92394931 0.92633619 0.94442906 0.92789457 0.92326273]
 [0.92418668 0.92681093 0.94686869 0.92287785 0.92099326]
 [0.92078438 0.92691643 0.94100038 0.93143813 0.92237352]
 [0.9243713  0.92360644 0.94140919 0.926939   0.9266603 ]
 [0.92054701 0.92566365 0.94270153 0.92746987 0.92168339]
 [0.91801506 0.92557134 0.94510161 0.92647449 0.92474916]
 [0.92187891 0.92728567 0.94189711 0.93019058 0.9213516 ]]
