----------------------------------------
Dropout Rate: 0.3, Learning Rate: 0.0005, Lambda Inter: 0.001
Results for pan-cancer:
AUPR: 0.8591 +/- 0.0235
[[0.85794921 0.86390563 0.86321848 0.8715777  0.83941647]
 [0.83210761 0.88426854 0.87815683 0.84802108 0.86124856]
 [0.85800211 0.87647474 0.84794457 0.82504268 0.89677474]
 [0.84927765 0.90499745 0.85966929 0.84169785 0.83933389]
 [0.85824259 0.88857527 0.8869208  0.81745321 0.86180074]
 [0.80875997 0.8565727  0.82424765 0.90466177 0.8812794 ]
 [0.81618555 0.85545103 0.88564233 0.8744196  0.85701283]
 [0.86646057 0.85376183 0.87658242 0.85629811 0.86270067]
 [0.82031897 0.86328686 0.88682984 0.82731689 0.88386137]
 [0.82591192 0.86400433 0.86791996 0.88625102 0.83878081]]
AUC: 0.9310 +/- 0.0131
[[0.93150685 0.9292381  0.92439931 0.94641855 0.92118936]
 [0.9238965  0.93835616 0.94316362 0.92382309 0.93330743]
 [0.93149249 0.93963413 0.92994851 0.91482809 0.94102154]
 [0.92584934 0.95469688 0.93765732 0.91531742 0.92199531]
 [0.9201344  0.95435226 0.94480835 0.913907   0.93042903]
 [0.89286637 0.93694897 0.91415904 0.95774506 0.94388555]
 [0.91449126 0.92796014 0.94392162 0.93548062 0.93109106]
 [0.94016542 0.91200712 0.94081808 0.92533425 0.94103594]
 [0.92974067 0.92791706 0.93870137 0.90722911 0.94084884]
 [0.91684616 0.92890784 0.92826087 0.95499619 0.92501763]]
