----------------------------------------
Dropout Rate: 0.3, Learning Rate: 0.0005, Lambda Inter: 0.001
Results for pan-cancer:
AUPR: 0.8400 ± 0.0205
[[0.8332592  0.83625145 0.87347399 0.84811553 0.81445157]
 [0.83271077 0.83211988 0.87455612 0.85077671 0.80928555]
 [0.83357536 0.83236391 0.87103853 0.84861543 0.81046672]
 [0.83138404 0.83217701 0.87510228 0.85131433 0.81079852]
 [0.83283807 0.8325825  0.87356573 0.85171157 0.8157131 ]
 [0.83690536 0.82289522 0.87665746 0.85018151 0.8130566 ]
 [0.8378658  0.82692573 0.87513851 0.85348569 0.81652326]
 [0.83654761 0.83533313 0.87522986 0.84724543 0.81271789]
 [0.82975704 0.83172929 0.86797579 0.85077286 0.80841953]
 [0.83105484 0.82933901 0.86667027 0.84689924 0.81444726]]
AUC: 0.9288 ± 0.0093
[[0.92249871 0.92483285 0.94632802 0.92802729 0.91999788]
 [0.92336907 0.92497791 0.94585328 0.92936773 0.91767532]
 [0.92532078 0.92823515 0.94657858 0.92709826 0.91882996]
 [0.92338226 0.92657356 0.9454181  0.93053565 0.91938738]
 [0.92307895 0.92652082 0.94698738 0.92841217 0.92201518]
 [0.92507022 0.92234047 0.9476863  0.92765568 0.92076764]
 [0.92525484 0.9255054  0.94788411 0.92964644 0.9216303 ]
 [0.92493835 0.92629663 0.947172   0.92927483 0.91884323]
 [0.91912279 0.92732524 0.94454774 0.92740351 0.92048893]
 [0.91992721 0.92567683 0.94396751 0.92873069 0.92125869]]
