========================================
Dropout: 0.3, LR: 0.0005, Lambda: 0.001, Dataset: string, Cancer: pan-cancer
----------------------------------------
【全部测试节点】
  AUPRC: 0.8400 ± 0.0205
  AUROC: 0.9288 ± 0.0093
  AUPRC matrix:
0.833259 0.836251 0.873474 0.848116 0.814452
0.832711 0.832120 0.874556 0.850777 0.809286
0.833575 0.832364 0.871039 0.848615 0.810467
0.831384 0.832177 0.875102 0.851314 0.810799
0.832838 0.832583 0.873566 0.851712 0.815713
0.836905 0.822895 0.876657 0.850182 0.813057
0.837866 0.826926 0.875139 0.853486 0.816523
0.836548 0.835333 0.875230 0.847245 0.812718
0.829757 0.831729 0.867976 0.850773 0.808420
0.831055 0.829339 0.866670 0.846899 0.814447
  AUROC matrix:
0.922499 0.924833 0.946328 0.928027 0.919998
0.923369 0.924978 0.945853 0.929368 0.917675
0.925321 0.928235 0.946579 0.927098 0.918830
0.923382 0.926574 0.945418 0.930536 0.919387
0.923079 0.926521 0.946987 0.928412 0.922015
0.925070 0.922340 0.947686 0.927656 0.920768
0.925255 0.925505 0.947884 0.929646 0.921630
0.924938 0.926297 0.947172 0.929275 0.918843
0.919123 0.927325 0.944548 0.927404 0.920489
0.919927 0.925677 0.943968 0.928731 0.921259
----------------------------------------
【孤立测试节点 - 与训练数据无边相连】
  AUPRC: 0.8609 ± 0.0355
  AUROC: 0.5233 ± 0.0552
  AUPRC matrix:
0.921173 0.799770 0.847059 0.833629 0.867593
0.937167 0.822209 0.853922 0.848270 0.852778
0.932978 0.842923 0.844444 0.838066 0.856944
0.910891 0.823936 0.848693 0.835404 0.864352
0.930693 0.838895 0.851961 0.827862 0.859722
0.929931 0.822209 0.858824 0.832742 0.867130
0.921173 0.829689 0.857843 0.831854 0.866204
0.921935 0.837745 0.854575 0.837178 0.858796
0.920792 0.871692 0.851961 0.821207 0.860648
0.926504 0.838320 0.847386 0.820319 0.866667
  AUROC matrix:
0.577776 0.535705 0.451366 0.559247 0.470831
0.592094 0.533879 0.502911 0.573807 0.443104
0.602458 0.537801 0.417072 0.578848 0.416659
0.506322 0.528564 0.442603 0.584170 0.477789
0.592654 0.535700 0.470095 0.554271 0.523852
0.621263 0.527381 0.516294 0.562652 0.397001
0.615980 0.549238 0.519532 0.571922 0.495920
0.572370 0.534024 0.534379 0.552602 0.440328
0.562071 0.569501 0.491009 0.580608 0.466480
0.535205 0.501388 0.508701 0.508397 0.423179
========================================

