----------------------------------------
Dropout Rate: 0.3, Learning Rate: 0.0005, Lambda Inter: 0.001
Results for pan-cancer:
AUPR: 0.8401 ± 0.0202
[[0.83323843 0.83310754 0.87403632 0.85154295 0.80631092]
 [0.83408328 0.83089817 0.87285544 0.84758382 0.81643545]
 [0.83692984 0.8312395  0.87462002 0.85061507 0.81911052]
 [0.82796698 0.83125944 0.86678156 0.84683474 0.8170723 ]
 [0.83776596 0.83465412 0.86813229 0.84583921 0.80714876]
 [0.82499326 0.83470375 0.8769109  0.84972382 0.81479434]
 [0.83186986 0.83494692 0.87424219 0.84789815 0.82332818]
 [0.82745969 0.82818776 0.87751503 0.85293471 0.81388815]
 [0.8319409  0.83033624 0.87271677 0.85072935 0.80544927]
 [0.83396911 0.83404484 0.87139085 0.8499538  0.81567352]]
AUC: 0.9290 ± 0.0093
[[0.92253828 0.92616476 0.94694782 0.92930137 0.91827255]
 [0.92145692 0.92782635 0.94537854 0.92773531 0.922055  ]
 [0.92576914 0.92708787 0.94769949 0.92796093 0.92283803]
 [0.92257784 0.92642851 0.94445543 0.92762913 0.92217444]
 [0.92657356 0.92558452 0.94434994 0.92809365 0.91660031]
 [0.91814693 0.92543946 0.94826654 0.92972607 0.92311674]
 [0.92365919 0.9271538  0.94798961 0.92866433 0.92493497]
 [0.9190041  0.92590102 0.94733025 0.92883686 0.92090036]
 [0.923646   0.92445042 0.94609065 0.93008441 0.9174497 ]
 [0.9208635  0.92695599 0.94529942 0.92950045 0.92156394]]
