========================================
Dropout: 0.3, LR: 0.0005, Lambda: 0.001, Dataset: string, Cancer: pan-cancer
----------------------------------------
【全部测试节点】
  AUPRC: 0.8401 ± 0.0202
  AUROC: 0.9290 ± 0.0093
  AUPRC matrix:
0.833238 0.833108 0.874036 0.851543 0.806311
0.834083 0.830898 0.872855 0.847584 0.816435
0.836930 0.831240 0.874620 0.850615 0.819111
0.827967 0.831259 0.866782 0.846835 0.817072
0.837766 0.834654 0.868132 0.845839 0.807149
0.824993 0.834704 0.876911 0.849724 0.814794
0.831870 0.834947 0.874242 0.847898 0.823328
0.827460 0.828188 0.877515 0.852935 0.813888
0.831941 0.830336 0.872717 0.850729 0.805449
0.833969 0.834045 0.871391 0.849954 0.815674
  AUROC matrix:
0.922538 0.926165 0.946948 0.929301 0.918273
0.921457 0.927826 0.945379 0.927735 0.922055
0.925769 0.927088 0.947699 0.927961 0.922838
0.922578 0.926429 0.944455 0.927629 0.922174
0.926574 0.925585 0.944350 0.928094 0.916600
0.918147 0.925439 0.948267 0.929726 0.923117
0.923659 0.927154 0.947990 0.928664 0.924935
0.919004 0.925901 0.947330 0.928837 0.920900
0.923646 0.924450 0.946091 0.930084 0.917450
0.920863 0.926956 0.945299 0.929500 0.921564
----------------------------------------
【孤立测试节点 - 与训练数据无边相连】
  AUPRC: 0.8614 ± 0.0344
  AUROC: 0.5170 ± 0.0578
  AUPRC matrix:
0.924600 0.827963 0.848039 0.834073 0.855093
0.922315 0.861335 0.847712 0.841615 0.859722
0.923077 0.853280 0.853922 0.833185 0.866667
0.926123 0.856157 0.846405 0.827418 0.861574
0.928027 0.823936 0.846732 0.840284 0.852315
0.911653 0.807250 0.845752 0.836291 0.857870
0.927647 0.838895 0.865359 0.836291 0.877315
0.924600 0.829689 0.846078 0.834073 0.865278
0.931835 0.796893 0.849346 0.838509 0.856944
0.920030 0.852129 0.849020 0.845164 0.866204
  AUROC matrix:
0.562138 0.525447 0.423167 0.520483 0.409741
0.581164 0.533905 0.461369 0.583857 0.488248
0.557715 0.557694 0.428635 0.537077 0.431809
0.536990 0.566470 0.420054 0.548756 0.461000
0.627820 0.519642 0.429386 0.544686 0.459989
0.565499 0.529441 0.419504 0.562233 0.433303
0.545254 0.541310 0.532900 0.575023 0.514412
0.610995 0.508999 0.491777 0.596060 0.493731
0.567473 0.521831 0.473775 0.568130 0.433070
0.588625 0.541187 0.489342 0.584996 0.445651
========================================

